fecha,hora,confirmados,fallecidos,recuperados,descartados,activos,nuevos_confirmados,nuevos_fallecidos,nuevos_recuperados,nuevos_descartados,nuevos_activos,mujeres,hombres,adultos,mayores,menores,costarricenses,extranjeros,confirmados_edad_min,confirmados_edad_max,confirmados_edad_prom,hospitalizados,graves,nuevos_hospitalizados,nuevos_graves,hospitalizados_edad_min,hospitalizados_edad_max,hospitalizados_edad_prom,comentarios,fuente_oficial,fuente_adicional
2020-03-06,15:31,1,0,0,2,1,,,,,,1,0,1,0,0,0,1,49,49,,,,,,,,,,https://www.ministeriodesalud.go.cr/index.php/centro-de-prensa/noticias/741-noticias-2020/1555-caso-confirmado-por-covid-19-en-costa-rica,https://twitter.com/delfinocrc/status/1236041661119070209
2020-03-07,19:14,5,0,0,,5,4,0,0,-2,4,3,2,4,1,0,3,2,49,73,,,1,,1,,,,,https://twitter.com/msaludcr/status/1236469225696395264,https://twitter.com/delfinocrc/status/1236460218571264000
2020-03-08,18:33,9,0,0,12,9,4,0,0,12,4,6,3,7,2,0,6,3,49,73,,,1,,0,,,,,https://www.ministeriodesalud.go.cr/index.php/centro-de-prensa/noticias/741-noticias-2020/1558-ante-casos-de-covid-19-cne-y-salud-elevan-alerta-sanitaria-a-alerta-amarilla,https://twitter.com/delfinocrc/status/1236812413250482176
2020-03-09,13:27,9,0,0,35,9,0,0,0,23,0,6,3,7,2,0,6,3,49,73,,,1,,0,,,,,https://www.ministeriodesalud.go.cr/index.php/centro-de-prensa/noticias/741-noticias-2020/1560-gobierno-cancela-eventos-masivos-e-instruye-teletrabajo-para-sector-publico,https://twitter.com/delfinocrc/status/1237097682096840705
2020-03-10,13:38,13,0,0,179,13,4,0,0,144,4,7,6,9,2,2,8,3,11,73,,,1,,0,,,,"El comunicado del Ministerio de Salud indica que los casos son en San José, Heredia, Guanacaste y Alajuela",https://www.ministeriodesalud.go.cr/index.php/centro-de-prensa/noticias/741-noticias-2020/1561-casos-confirmados-covid-19-ascienden-a-13,https://twitter.com/delfinocrc/status/1237559116224057345
2020-03-11,19:43,22,0,0,118,22,9,0,0,-61,9,14,8,18,2,2,19,3,10,73,,,1,,0,,,,,https://www.ministeriodesalud.go.cr/index.php/centro-de-prensa/noticias/741-noticias-2020/1565-ministro-de-salud-daniel-salas-todos-debemos-contribuir-para-proteger-a-la-poblacion-mas-vulnerable-ante-el-covid-19,https://twitter.com/delfinocrc/status/1237817552442703873
2020-03-12,16:18,23,0,0,206,23,1,0,0,88,1,14,9,19,2,2,20,3,10,73,,,1,,0,,,,,https://twitter.com/msaludcr/status/1238228003664076802,https://twitter.com/delfinocrc/status/1238203824608854023
2020-03-13,19:41,26,0,0,289,26,3,0,0,83,3,14,12,21,3,2,23,3,10,87,,,3,,2,,,,"El dato de graves fue tomado de la información de Delfino. Este comunicado no fue publicado en Twitter, sino en un archivo PDF del sitio web del Ministerio de Salud.",https://www.ministeriodesalud.go.cr/sobre_ministerio/prensa/img_cvd/img_datos_marzo_2020_3.pdf,https://twitter.com/delfinocrc/status/1238617708813524994
2020-03-14,13:40,27,0,0,415,27,1,0,0,126,1,15,12,22,3,2,23,4,10,87,,,4,,1,,,,El dato de graves fue tomado de la información de Delfino.,https://twitter.com/msaludcr/status/1238912811427921922,https://twitter.com/delfinocrc/status/1238904601572671492
2020-03-15,15:50,35,0,0,450,35,8,0,0,35,8,19,16,28,3,4,30,5,10,87,,,4,,0,,,,"El dato de graves fue tomado de la información de Delfino. A partir de esta fecha, los datos se dan desglosados por cantón.",https://twitter.com/msaludcr/status/1239308024587718672,https://twitter.com/delfinocrc/status/1239270020204638220
2020-03-16,14:46,41,0,0,615,41,6,0,0,165,6,20,21,32,5,4,35,6,10,87,,,4,,0,,,,El dato de graves fue tomado de la información de Delfino.,https://twitter.com/msaludcr/status/1239654195646644230,https://twitter.com/delfinocrc/status/1239662166443253763
2020-03-17,13:26,50,0,0,720,50,9,0,0,105,9,24,26,40,6,4,44,6,10,87,,,4,,0,,,,El dato de graves fue tomado de la información de Delfino.,https://twitter.com/msaludcr/status/1239996571032436736,https://twitter.com/delfinocrc/status/1239992708741173248
2020-03-18,13:07,69,0,0,855,69,19,0,0,135,19,30,39,57,7,5,63,6,8,87,,,2,,-2,,,,El dato de graves fue tomado de la información de Delfino.,https://twitter.com/msaludcr/status/1240354186480488449,https://twitter.com/delfinocrc/status/1240414230031093760
2020-03-19,13:10,87,1,0,951,86,18,1,0,96,17,35,52,73,7,7,79,8,2,87,,,2,,0,,,,El dato de graves fue tomado de la información de Delfino.,https://twitter.com/msaludcr/status/1240717229412343808,https://twitter.com/delfinocrc/status/1240744773423714304
2020-03-20,17:49,113,2,2,1046,109,26,1,2,95,23,46,67,97,9,7,104,9,2,87,,,2,,0,,,,"El comunicado que emitió el Ministerio de Salud cerca de las 13:30 fue corregido después de las 17:00. En el primero mencionaban un cantón llamado San Pedro, que no aparece ya en el segundo. El dato de recuperados no está en el comunicado del Ministerio, pero fue mencionado después. El dato de graves fue tomado de la información de Delfino.",https://twitter.com/msaludcr/status/1241149921341947905,https://twitter.com/delfinocrc/status/1241084884166283265
2020-03-21,17:28,117,2,2,1190,113,4,0,0,144,4,48,69,100,10,7,107,10,2,87,,,3,,1,,,,El dato de graves fue tomado de la información de Delfino.,https://twitter.com/msaludcr/status/1241506979287379968,https://twitter.com/delfinocrc/status/1241442548285145088
2020-03-22,13:53,134,2,2,1400,130,17,0,0,210,17,55,79,113,14,7,117,17,2,87,,,3,,0,,,,El dato de graves fue tomado de la información de Delfino.,https://twitter.com/msaludcr/status/1241815313336991744,https://twitter.com/delfinocrc/status/1241802936264667137
2020-03-23,13:12,158,2,2,1533,154,24,0,0,133,24,68,90,135,16,7,141,17,2,87,,,3,,0,,,,El boletín señala que la edad promedio de los casos confirmados es de 41 años. Esta es información nueva.,https://twitter.com/msaludcr/status/1242167393658470401,https://twitter.com/delfinocrc/status/1242166001292267521
2020-03-24,13:52,177,2,2,1619,173,19,0,0,86,19,74,103,154,16,7,159,18,2,87,,6,4,,1,,,,"Se menciona nuevamente la edad promedio: 41.5 años. En la conferencia de prensa, se dice que los hospitalizados son 6.",https://twitter.com/msaludcr/status/1242539859929112579,https://twitter.com/delfinocrc/status/1242525936567844864
2020-03-25,13:27,201,2,2,1684,197,24,0,0,65,24,84,117,177,17,7,183,18,2,87,,6,4,,0,,,,Los pacientes en cuidados intensivos tienen entre 35 y 50 años. 8 pacientes están en estudio para ser dados de alta. 6 personas están hospitalizadas y 4 en cuidados intensivos. El promedio de edad de los casos es 41.2 años.,https://twitter.com/msaludcr/status/1242895825992376320,https://twitter.com/delfinocrc/status/1242902946800697345
2020-03-26,13:11,231,2,2,2331,227,30,0,0,647,30,101,130,204,19,8,209,18,2,87,,6,5,,1,,,,internados: 6. nacionalidad desconocida: 4. en análisis para dar de alta: 8,https://twitter.com/msaludcr/status/1243254303609020417,https://twitter.com/delfinocrc/status/1243271645608972290
2020-03-27,13:41,263,2,3,2786,258,32,0,1,455,31,121,142,233,22,8,241,20,2,87,,6,5,,0,,,,internados: 9. nacionalidad desconocida: 2. en análisis para dar de alta: 7,https://twitter.com/msaludcr/status/1243624284091822080,https://twitter.com/delfinocrc/status/1243626167015477250
2020-03-28,15:20,295,2,3,2912,290,32,0,0,126,32,138,157,263,22,10,272,21,2,87,,9,6,,1,,,,,https://twitter.com/msaludcr/status/1244011527717498880,https://twitter.com/delfinocrc/status/1243981793990238208
2020-03-29,,314,2,3,3115,309,19,0,0,203,19,150,164,280,22,12,290,24,1,87,,,6,,0,,,,13 hospotalizados,,https://twitter.com/delfinocrc/status/1244340065330921473
2020-03-30,15:22,330,2,4,3362,324,16,0,1,247,15,160,170,293,24,13,303,27,1,87,,13,7,,1,,,,15 hospitalizados,https://twitter.com/msaludcr/status/1244736850696327169,https://twitter.com/delfinocrc/status/1244711256810033153
2020-03-31,,347,2,4,3498,341,17,0,0,136,17,167,180,309,24,14,320,27,,,,15,8,,1,,,,,,https://twitter.com/delfinocrc/status/1245068961391300608
2020-04-01,12:59,375,2,4,3843,369,28,0,0,345,28,181,194,337,24,14,346,29,1,87,39.5,15,9,,1,36,69,,15 hospitalizados,https://twitter.com/msaludcr/status/1245425470591639553,https://twitter.com/delfinocrc/status/1245442360642863107
2020-04-02,13:52,396,2,6,3954,388,21,0,2,111,19,192,204,356,26,14,366,30,1,87,39.7,17,11,2,2,36,69,,17 hospitalizados,https://twitter.com/msaludcr/status/1245801322743574532,https://twitter.com/delfinocrc/status/1245795838460297219